0;22134.00
1;21322.00
2;20916.00
3;20860.00
4;20860.00
5;20860.00
6;20846.00
7;20846.00
8;20846.00
9;20860.00
10;20860.00
11;20846.00
12;20860.00
13;20860.00
14;20846.00
15;20860.00
16;20860.00
17;20860.00
18;20846.00
19;20846.00
20;20846.00
21;20860.00
22;20860.00
23;20860.00
24;20860.00
25;20860.00
26;20860.00
27;20846.00
28;20846.00
29;20846.00
30;20860.00
31;20860.00
32;20846.00
33;20846.00
34;20846.00
35;20860.00
36;20860.00
37;20846.00
38;20846.00
39;20860.00
40;20860.00
41;20846.00
42;20846.00
43;20846.00
44;20860.00
45;20860.00
46;20846.00
47;20846.00
48;20846.00
49;20860.00
50;20860.00
51;20846.00
52;20846.00
53;20846.00
54;20860.00
55;20860.00
56;20846.00
57;20860.00
58;20860.00
59;20860.00
60;20860.00
61;20846.00
62;20846.00
63;20846.00
64;20860.00
65;20860.00
66;20846.00
67;20846.00
68;20846.00
69;20860.00
70;20860.00
71;20846.00
72;20846.00
73;20846.00
74;20860.00
75;20860.00
76;20846.00
77;20860.00
78;20860.00
79;20860.00
80;20860.00
81;20846.00
82;20846.00
83;20846.00
84;20860.00
85;20860.00
86;20846.00
87;20846.00
88;20846.00
89;20860.00
90;20860.00
91;20846.00
92;20846.00
93;20846.00
94;103488.00
95;20930.00
96;20860.00
97;20846.00
98;20846.00
99;20860.00
100;20860.00
101;20846.00
102;20846.00
103;20860.00
104;20860.00
105;20846.00
106;20860.00
107;20846.00
108;20846.00
109;20860.00
110;20860.00
111;20846.00
112;20860.00
113;20846.00
114;20860.00
115;20860.00
116;20846.00
117;20860.00
118;20860.00
119;20860.00
120;20860.00
121;20846.00
122;20860.00
123;20860.00
124;20860.00
125;20846.00
126;20860.00
127;20860.00
128;20846.00
129;20860.00
130;20846.00
131;20860.00
132;20860.00
133;20846.00
134;20860.00
135;20846.00
136;20860.00
137;20860.00
138;20846.00
139;20860.00
140;20860.00
141;20860.00
142;20860.00
143;20846.00
144;20860.00
145;20860.00
146;20846.00
147;20860.00
148;20846.00
149;20860.00
150;20860.00
151;20846.00
152;20860.00
153;20846.00
154;20860.00
155;20860.00
156;20846.00
157;20860.00
158;20860.00
159;20860.00
160;20860.00
161;20846.00
162;20860.00
163;20860.00
164;20846.00
165;20860.00
166;20846.00
167;20860.00
168;20860.00
169;20846.00
170;20860.00
171;20846.00
172;20860.00
173;20860.00
174;20846.00
175;20860.00
176;20860.00
177;20860.00
178;20860.00
179;20846.00
180;20860.00
181;20860.00
182;20846.00
183;20860.00
184;20846.00
185;20860.00
186;20860.00
187;20846.00
188;20860.00
189;20846.00
190;20860.00
191;20860.00
192;20846.00
193;20860.00
194;20860.00
195;20860.00
196;20860.00
197;20846.00
198;20860.00
199;20860.00
200;27328.00
201;26292.00
202;26068.00
203;26068.00
204;26068.00
205;26068.00
206;26068.00
207;26068.00
208;67018.00
209;28448.00
210;28448.00
211;28434.00
212;28434.00
213;28434.00
214;28434.00
215;28434.00
216;28434.00
217;28434.00
218;28434.00
219;28448.00
220;28448.00
221;28434.00
222;28448.00
223;28434.00
224;28434.00
225;28434.00
226;28434.00
227;28434.00
228;28434.00
229;28448.00
230;28434.00
231;28448.00
232;28448.00
233;28434.00
234;28434.00
235;28434.00
236;28434.00
237;28434.00
238;28434.00
239;28448.00
240;28434.00
241;28448.00
242;28448.00
243;28434.00
244;28434.00
245;28434.00
246;28434.00
247;28434.00
248;28434.00
249;28630.00
250;28448.00
251;28448.00
252;28434.00
253;28434.00
254;28434.00
255;28434.00
256;28434.00
257;28434.00
258;28434.00
259;28434.00
260;28434.00
261;28448.00
262;28448.00
263;183498.00
264;28672.00
265;28434.00
266;28448.00
267;28448.00
268;28448.00
269;28434.00
270;28434.00
271;28434.00
272;28434.00
273;28448.00
274;28448.00
275;28434.00
276;28434.00
277;28434.00
278;28434.00
279;28434.00
280;28434.00
281;28448.00
282;28448.00
283;28434.00
284;28434.00
285;28434.00
286;28434.00
287;28434.00
288;28434.00
289;28448.00
290;28448.00
291;28434.00
292;28434.00
293;28434.00
294;28434.00
295;28434.00
296;28434.00
297;28448.00
298;28448.00
299;28434.00
300;28434.00
301;28434.00
302;28434.00
303;28434.00
304;28434.00
305;28448.00
306;28448.00
307;28434.00
308;28434.00
309;28434.00
310;28434.00
311;28434.00
312;28434.00
313;28448.00
314;28448.00
315;28434.00
316;28434.00
317;28434.00
318;28434.00
319;28434.00
320;28434.00
321;28448.00
322;28448.00
323;28434.00
324;28448.00
325;28434.00
326;28434.00
327;28434.00
328;28434.00
329;28448.00
330;28434.00
331;28434.00
332;28448.00
333;28434.00
334;28434.00
335;28434.00
336;28434.00
337;28448.00
338;28434.00
339;28448.00
340;28448.00
341;28434.00
342;28434.00
343;28434.00
344;28434.00
345;28434.00
346;28434.00
347;28448.00
348;28448.00
349;28434.00
350;28434.00
351;28434.00
352;28434.00
353;28434.00
354;28434.00
355;28448.00
356;28448.00
357;28434.00
358;28434.00
359;28434.00
360;28434.00
361;28434.00
362;28434.00
363;28448.00
364;28448.00
365;28434.00
366;28434.00
367;28434.00
368;28434.00
369;28434.00
370;28434.00
371;28448.00
372;28448.00
373;28434.00
374;28434.00
375;28434.00
376;28434.00
377;28434.00
378;28434.00
379;28448.00
380;28448.00
381;28434.00
382;28434.00
383;28434.00
384;28434.00
385;28434.00
386;28434.00
387;28448.00
388;28448.00
389;28434.00
390;28448.00
391;28434.00
392;28434.00
393;28434.00
394;28434.00
395;28448.00
396;28434.00
397;28434.00
398;28448.00
399;28434.00
400;29848.00
401;28952.00
402;28476.00
403;28434.00
404;28434.00
405;28448.00
406;28434.00
407;28448.00
408;28448.00
409;28434.00
410;28434.00
411;28434.00
412;28434.00
413;28434.00
414;28434.00
415;28434.00
416;28434.00
417;28434.00
418;28434.00
419;28434.00
420;28434.00
421;28434.00
422;28434.00
423;28434.00
424;28434.00
425;28448.00
426;28434.00
427;28448.00
428;28434.00
429;28448.00
430;28434.00
431;28448.00
432;28448.00
433;28448.00
434;28448.00
435;28434.00
436;28448.00
437;28434.00
438;28448.00
439;28434.00
440;28434.00
441;28434.00
442;28434.00
443;28434.00
444;28434.00
445;28434.00
446;28434.00
447;28434.00
448;28434.00
449;28434.00
450;28434.00
451;28434.00
452;28434.00
453;28434.00
454;28434.00
455;28434.00
456;28434.00
457;28434.00
458;28434.00
459;28448.00
460;28434.00
461;28448.00
462;28434.00
463;28448.00
464;28448.00
465;28448.00
466;28448.00
467;28434.00
468;28448.00
469;28434.00
470;28448.00
471;28434.00
472;28448.00
473;28434.00
474;28434.00
475;28434.00
476;28434.00
477;28434.00
478;28434.00
479;28434.00
480;28434.00
481;28434.00
482;28434.00
483;28434.00
484;28434.00
485;28434.00
486;28434.00
487;28434.00
488;28434.00
489;28434.00
490;28434.00
491;28448.00
492;28434.00
493;28448.00
494;28434.00
495;28448.00
496;28434.00
497;28448.00
498;28448.00
499;28448.00
500;28448.00
501;28434.00
502;28448.00
503;28434.00
504;28448.00
505;28434.00
506;28434.00
507;28448.00
508;28434.00
509;28448.00
510;28448.00
511;28448.00
512;28448.00
513;28434.00
514;28448.00
515;28434.00
516;28448.00
517;28434.00
518;28434.00
519;28434.00
520;28434.00
521;28434.00
522;28434.00
523;28434.00
524;28434.00
525;28434.00
526;28434.00
527;28434.00
528;28434.00
529;28434.00
530;28434.00
531;28434.00
532;28434.00
533;28434.00
534;28434.00
535;28434.00
536;28434.00
537;28448.00
538;28434.00
539;28448.00
540;28434.00
541;28448.00
542;28448.00
543;28448.00
544;28448.00
545;28434.00
546;28448.00
547;28434.00
548;28448.00
549;28434.00
550;28448.00
551;28434.00
552;28434.00
553;28434.00
554;28434.00
555;28434.00
556;28434.00
557;28434.00
558;28434.00
559;28434.00
560;28434.00
561;28434.00
562;28434.00
563;28434.00
564;28434.00
565;28448.00
566;28434.00
567;28448.00
568;28434.00
569;28448.00
570;28448.00
571;70686.00
572;28644.00
573;28448.00
574;28434.00
575;28434.00
576;28434.00
577;28448.00
578;28448.00
579;28434.00
580;28434.00
581;28434.00
582;28434.00
583;28448.00
584;28448.00
585;28434.00
586;28434.00
587;28434.00
588;28434.00
589;28434.00
590;28434.00
591;28434.00
592;28434.00
593;28448.00
594;28448.00
595;28434.00
596;28434.00
597;28434.00
598;28434.00
599;28448.00
600;29848.00
601;28560.00
602;28434.00
603;28434.00
604;28448.00
605;28434.00
606;28448.00
607;28448.00
608;28434.00
609;28434.00
610;28434.00
611;28434.00
612;28434.00
613;28434.00
614;28434.00
615;28434.00
616;28434.00
617;28434.00
618;28434.00
619;28448.00
620;28448.00
621;28434.00
622;28448.00
623;28434.00
624;28434.00
625;28434.00
626;28434.00
627;28434.00
628;28434.00
629;28448.00
630;28434.00
631;28448.00
632;28448.00
633;28434.00
634;28434.00
635;28434.00
636;28434.00
637;28434.00
638;28