987554.00
967040.00
924558.00
919828.00
923594.00
932268.00
930617.00
928343.00
927419.00
929255.00
927437.00
929433.00
930821.00
927632.00
927417.00
926949.00
926469.00
926903.00
927632.00
927774.00
926236.00
927292.00
927211.00
928912.00
927046.00
927272.00
927413.00
927018.00
928832.00
927681.00
930474.00
925868.00
925789.00
927898.00
929374.00
925260.00
928953.00
927310.00
924800.00
924546.00
923133.00
927494.00
926202.00
930535.00
929514.00
926400.00
926909.00
925026.00
926092.00
926281.00
927944.00
926243.00
925823.00
926313.00
927060.00
927562.00
927763.00
927839.00
925466.00
925952.00
924667.00
925466.00
926513.00
926148.00
924638.00
925210.00
927496.00
927308.00
928390.00
927189.00
926150.00
925153.00
925337.00
925627.00
926844.00
927494.00
925055.00
926870.00
927736.00
927086.00
927540.00
924879.00
925053.00
927111.00
927303.00
927342.00
926552.00
926516.00
926800.00
925163.00
925256.00
925999.00
926852.00
925781.00
925353.00
924623.00
927406.00
927742.00
922856.00
925920.00
926754.00
926398.00
924806.00
927763.00
927502.00
923131.00
923293.00
923592.00
927373.00
926217.00
925771.00
925882.00
923071.00
925456.00
925928.00
924822.00
924325.00
924943.00
927555.00
924481.00
927383.00
932272.00
929310.00
926894.00
927165.00
927510.00
926905.00
927076.00
926918.00
926299.00
926877.00
927678.00
927498.00
927354.00
927334.00
928327.00
933293.00
928188.00
925977.00
925860.00
926207.00
925193.00
926213.00
927210.00
928022.00
927148.00
927661.00
929655.00
927284.00
928221.00
924615.00
925175.00
923725.00
926116.00
926961.00
927177.00
927847.00
926979.00
926353.00
927140.00
925222.00
926215.00
926193.00
924251.00
926939.00
927463.00
929146.00
932214.00
926281.00
927226.00
928122.00
930714.00
930622.00
926439.00
925716.00
925793.00
927494.00
931536.00
926788.00
925916.00
927599.00
926891.00
926796.00
926893.00
927861.00
926901.00
925561.00
922072.00
927333.00
927453.00
929401.00
927282.00
925996.00
926110.00
929523.00
927209.00
927625.00
927794.00   
927035.00
927298.00
927611.00
928592.00
930262.00
925561.00
929213.00
927253.00
930634.00
928767.00
929308.00
927048.00
927320.00
927435.00
927239.00
927973.00
927661.00
927653.00
933456.00
926987.00
924449.00
924704.00
925311.00
927260.00
927548.00
927558.00
928555.00
926003.00
924148.00
927357.00
932396.00
929869.00
925554.00
924850.00
924465.00
925830.00
925472.00
927437.00
929935.00
927498.00
925113.00
927908.00
927333.00
927020.00
926858.00
925319.00
924856.00
926138.00
929254.00
930296.00
931258.00
926883.00
927577.00
925631.00
928363.00
927138.00
926437.00
927324.00
925320.00
927272.00
932431.00
927006.00
925712.00
927575.00
927907.00
927944.00
927635.00
926202.00
925955.00
927611.00
927534.00
927498.00
928838.00
929347.00
930289.00
927626.00
927508.00
928545.00
929290.00
927484.00
926519.00
927398.00
925924.00
925234.00
927569.00
929740.00
927954.00
926852.00
928009.00
926525.00
926301.00
927761.00
927300.00
927391.00
927627.00
926416.00
929344.00
926434.00
927185.00
929851.00
928310.00
927036.00
924974.00
927177.00
926061.00
926289.00
928578.00
926763.00
929249.00
927652.00
927654.00
927930.00
925421.00
927528.00
926103.00
924695.00
926309.00
927223.00
931110.00
930226.00
928285.00
926952.00
927401.00
927352.00
927090.00
927596.00
927066.00
927179.00
927244.00
927246.00
929278.00
931977.00
930085.00
926914.00
929259.00
927841.00
927066.00
924608.00
925978.00
926307.00
927478.00
927756.00
932447.00
929255.00
931019.00
928434.00
927399.00
928255.00
926756.00
925091.00
926510.00
927080.00
926858.00
931209.00
930224.00
929592.00
927445.00
929768.00
928069.00
927302.00
926668.00
925924.00
927486.00
927186.00
928830.00
929334.00
929433.00
932286.00
928200.00
932008.00
927219.00
925722.00
925732.00
925218.00
926335.00
925856.00
928240.00
928499.00
927880.00
928596.00
927318.00
927609.00
927234.00
927327.00
926218.00
928144.00
926132.00
927778.00
928874.00
932615.00
927612.00
928955.00
929138.00
929199.00
925632.00
926388.00
924086.00
927413.00
927341.00
927528.00
928881.00
930470.00
927805.00
932333.00
929367.00
926691.00
925491.00
925989.00
926810.00
927724.00
927685.00
928339.00
927088.00
927544.00
927099.00
929409.00
931988.00
928953.00
925715.00
926849.00
927219.00
925853.00
927190.00
933586.00
932387.00
930329.00
927546.00
927494.00
927126.00
925811.00
925718.00
925962.00
926864.00
927662.00
927609.00
930050.00
927045.00
928822.00
929851.00
926148.00
926325.00
926322.00
927034.00
926300.00
925734.00
927826.00
927916.00
927794.00
928105.00
928114.00
930407.00
931200.00
927385.00
927613.00
926475.00
927482.00
929334.00
932409.00
931253.00
927700.00
926011.00
927195.00
927074.00
926988.00
927457.00
927493.00
927726.00
927648.00
929762.00
927825.00
930604.00
929369.00
927595.00
927898.00
926454.00
926261.00
926573.00
924848.00
925918.00
927928.00
927698.00
928664.00
927623.00
928466.00
931631.00
928860.00
927416.00
927124.00
925649.00
925202.00
926846.00
932332.00
927703.00
929413.00
927460.00
926342.00
927658.00
925658.00
927324.00
925816.00
925823.00
927351.00
927578.00
930164.00
930199.00
929203.00
927861.00
931003.00
927511.00
926742.00
927716.00
927670.00
927470.00
927087.00
928388.00
927403.00
925470.00
928280.00
927791.00
927496.00
927337.00
927427.00
926796.00
927540.00
926344.00
926929.00
931319.00
929988.00
929491.00
927660.00
928973.00
925789.00
926469.00
926957.00
927172.00
926921.00
927284.00
932226.00
927663.00
927704.00
926846.00
926261.00
927191.00
926585.00
925381.00
925633.00
925269.00
927990.00
927230.00
931501.00
927520.00
932210.00
928018.00
927004.00
926850.00
927201.00
927024.00
926336.00
927227.00
927569.00
926985.00
927149.00
929302.00
931636.00
926786.00
926864.00
926172.00
925636.00
927349.00
927433.00
927013.00
927474.00
934393.00
931915.00
927835.00
931043.00
930789.00
927326.00
927739.00
926451.00
927359.00
927348.00
929864.00
927675.00
928010.00
927455.00
926850.00
928686.00
928362.00
926840.00
927203.00
927108.00
924106.00
926307.00
930678.00
927034.00
927580.00
928210.00
927127.00
926491.00
927964.00
927407.00
927314.00
925834.00
925884.00
927067.00
927565.00
927776.00
928045.00
928525.00
930060.00
928089.00
926097.00
927227.00
926120.00
926792.00
927506.00
927813.00
927365.00
930165.00
930694.00
928692.00
927646.00
926681.00
928119.00
927984.00
926271.00
926782.00
927455.00
925329.00
927777.00
928045.00
928809.00
927615.00
927502.00
926806.00
928020.00
927177.00
926085.00
925327.00
927151.00
927458.00
929364.00
928295.00
927538.00
928005.00
927052.00
926703.00
925371.00
925190.00
927220.00
925735.00
926396.00
929546.00
929300.00
927399.00
926298.00
927159.00
932379.00
927788.00
926090.00
925864.00
925406.00
926740.00
927421.00
932207.00
928941.00
927736.00
927474.00
925955.00
927343.00
927732.00
927722.00
926572.00
928313.00
928888.00
932385.00
931212.00
929042.00
927607.00
926152.00
925539.00
926596.00
927526.00
924235.00
927153.00
925977.00
927815.00
927200.00
929832.00
927050.00
928961.00
927340.00
926485.00
927037.00
926338.00
927001.00
926300.00
931963.00
932268.00
929390.00
927361.00
926951.00
926241.00
927809.00
929269.00
926132.00
923929.00
925720.00
927086.00
927948.00
927744.00
927736.00
928541.00
929513.00
927302.00
926770.00
926215.00
927472.00
926130.00
926663.00
925649.00
930906.00
927409.00
932608.00
929163.00
929908.00
928852.00
925985.00
927126.00
925179.00
926657.00
927221.00
927783.00
927064.00
930253.00
930115.00
929603.00
925177.00
927153.00
926636.00
927472.00
926156.00
925604.00
928905.00
927561.00
927936.00
927401.00
927042.00
926122.00
928406.00
927143.00
927780.00
926945.00
927454.00
927391.00
929197.00
929984.00
928293.00
928430.00
927667.00
926114.00
926256.00
927133.00
926822.00
927248.00
927633.00
927966.00
929154.00
929249.00
927530.00
927813.00
927639.00
932211.00
927570.00
927567.00
926392.00
926741.00
926132.00
927294.00
930472.00
929274.00
927320.00
928245.00
927853.00
930119.00
926836.00
927686.00
926980.00
926812.00
927811.00
926789.00
929464.00
928497.00
927346.00
925353.00
927605.00
927678.00
927492.00
926776.00
927450.00
928319.00
929651.00
935576.00
929342.00
925928.00
926415.00
924172.00
925246.00
925696.00
926693.00
926810.00
928446.00
928400.00
928655.00
930337.00
928842.00
929379.00
927713.00
928816.00
927851.00
927746.00
926971.00
926866.00
927046.00
927557.00
928164.00
929986.00
929792.00
926626.00
926194.00
927401.00
929367.00
927444.00
926985.00
927034.00
927589.00
927207.00
927792.00
926750.00
926342.00
927112.00
926869.00
926021.00
927433.00
927048.00
927536.00
926283.00
928398.00
930444.00
927007.00
932411.00
930934.00
929342.00
930787.00
927296.00
926811.00
927273.00
927358.00
929316.00
927559.00
927703.00
927203.00
927738.00
927052.00
925813.00
926945.00
926898.00
926051.00
925373.00
928978.00
927728.00
927127.00
930073.00
929195.00
927356.00
927175.00
926674.00
928202.00
927550.00
929287.00
929199.00
927554.00
927470.00
927659.00
927615.00
927300.00
926243.00
927837.00
927762.00
927300.00
925989.00
926279.00
927617.00
927074.00
927682.00
930509.00
928116.00
928822.00
931207.00
929776.00
926033.00
927446.00
927603.00
927488.00
927306.00
928402.00
928673.00
929169.00
932101.00
928232.00
927679.00
928170.00
928001.00
926953.00
925936.00
928197.00
929398.00
927946.00
930567.00
927476.00
927496.00
926329.00
926162.00
926604.00
928061.00
925573.00
926717.00
927973.00
927448.00
927520.00
927276.00
929318.00
927239.00
925895.00
927540.00
927083.00
927128.00
926189.00
928473.00
926388.00
925950.00
927563.00
927379.00
927155.00
927036.00
928660.00
930525.00
928287.00
925799.00
927169.00
927605.00
930208.00
927935.00
927278.00
927542.00
928723.00
927337.00
927550.00
928087.00
927583.00
925853.00
928864.00
928864.00
932161.00
931526.00
930034.00
927443.00
927694.00
927603.00
926726.00
925345.00
926405.00
925634.00
926925.00
929119.00
924717.00
928680.00
927582.00
927700.00
928626.00
927406.00
925706.00
927694.00
927411.00
927352.00
927565.00
928434.00
927881.00
926848.00
926265.00
926931.00
925783.00
925807.00
927288.00
928426.00
926102.00
927466.00
929425.00
929274.00
929193.00
928340.00
